"","date_use","total_cases","new_case","avg_cases","total_deaths","new_deaths","avg_deaths"
"1",2020-12-18,580361,318,8543,8362,0,41
"2",2020-12-17,580043,2953,10261,8362,2,50
"3",2020-12-16,577090,9591,11545,8360,27,59
"4",2020-12-15,567499,15945,11787,8333,55,61
"5",2020-12-14,551554,15329,11186,8278,69,61
"6",2020-12-13,536225,5097,10660,8209,77,61
"7",2020-12-12,531128,10566,10629,8132,57,57
"8",2020-12-11,520562,12345,10290,8075,61,57
"9",2020-12-10,508217,11940,9950,8014,64,55
"10",2020-12-09,496277,11290,9654,7950,46,55
"11",2020-12-08,484987,11737,9472,7904,50,54
"12",2020-12-07,473250,11645,9359,7854,69,53
"13",2020-12-06,461605,4879,9245,7785,50,50
"14",2020-12-05,456726,8194,9056,7735,57,47
"15",2020-12-04,448532,9964,8735,7678,49,44
"16",2020-12-03,438568,9868,7966,7629,62,42
"17",2020-12-02,428700,10020,6815,7567,41,37
"18",2020-12-01,418680,10942,6293,7526,45,36
"19",2020-11-30,407738,10851,5556,7481,44,35
"20",2020-11-29,396887,3555,4770,7437,30,34
"21",2020-11-28,393332,5946,4605,7407,39,34
"22",2020-11-27,387386,4579,4246,7368,32,33
"23",2020-11-26,382807,1813,4305,7336,26,32
"24",2020-11-25,380994,6363,4694,7310,36,33
"25",2020-11-24,374631,5787,4517,7274,35,31
"26",2020-11-23,368844,5344,4424,7239,39,31
"27",2020-11-22,363500,2401,4347,7200,34,29
"28",2020-11-21,361099,3434,4272,7166,30,27
"29",2020-11-20,357665,4992,4161,7136,22,26
"30",2020-11-19,352673,4534,3934,7114,37,26
"31",2020-11-18,348139,5130,3750,7077,21,23
"32",2020-11-17,343009,5132,3486,7056,37,22
"33",2020-11-16,337877,4809,3204,7019,23,19
"34",2020-11-15,333068,1873,2978,6996,22,18
"35",2020-11-14,331195,2655,2871,6974,17,17
"36",2020-11-13,328540,3403,2769,6957,23,16
"37",2020-11-12,325137,3246,2628,6934,19,15
"38",2020-11-11,321891,3283,2527,6915,15,14
"39",2020-11-10,318608,3157,2413,6900,16,13
"40",2020-11-09,315451,3230,2243,6884,15,13
"41",2020-11-08,312221,1126,2056,6869,13,12
"42",2020-11-07,311095,1940,2009,6856,11,13
"43",2020-11-06,309155,2413,1894,6845,18,13
"44",2020-11-05,306742,2539,1741,6827,9,12
"45",2020-11-04,304203,2483,1564,6818,10,13
"46",2020-11-03,301720,1971,1383,6808,13,14
"47",2020-11-02,299749,1919,1288,6795,12,14
"48",2020-11-01,297830,797,1225,6783,18,14
"49",2020-10-31,297033,1136,1219,6765,13,14
"50",2020-10-30,295897,1345,1211,6752,9,14
"51",2020-10-29,294552,1299,1243,6743,17,16
"52",2020-10-28,293253,1212,1296,6726,13,15
"53",2020-10-27,292041,1310,1365,6713,17,15
"54",2020-10-26,290731,1475,1414,6696,13,15
"55",2020-10-25,289256,755,1465,6683,16,15
"56",2020-10-24,288501,1081,1449,6667,14,14
"57",2020-10-23,287420,1570,1442,6653,19,14
"58",2020-10-22,285850,1671,1410,6634,15,14
"59",2020-10-21,284179,1696,1368,6619,14,14
"60",2020-10-20,282483,1651,1317,6605,14,14
"61",2020-10-19,280832,1830,1256,6591,16,15
"62",2020-10-18,279002,643,1213,6575,9,15
"63",2020-10-17,278359,1034,1193,6566,12,16
"64",2020-10-16,277325,1342,1194,6554,19,16
"65",2020-10-15,275983,1380,1180,6535,14,14
"66",2020-10-14,274603,1339,1157,6521,17,15
"67",2020-10-13,273264,1227,1154,6504,19,16
"68",2020-10-12,272037,1528,1108,6485,15,15
"69",2020-10-11,270509,499,1048,6470,16,15
"70",2020-10-10,270010,1042,1049,6454,9,16
"71",2020-10-09,268968,1246,1024,6445,10,16
"72",2020-10-08,267722,1215,1003,6435,22,16
"73",2020-10-07,266507,1320,998,6413,19,15
"74",2020-10-06,265187,904,986,6394,17,14
"75",2020-10-05,264283,1109,1024,6377,14,13
"76",2020-10-04,263174,504,1024,6363,18,14
"77",2020-10-03,262670,872,1023,6345,12,14
"78",2020-10-02,261798,1096,1002,6333,11,15
"79",2020-10-01,260702,1178,999,6322,13,16
"80",2020-09-30,259524,1240,1000,6309,14,17
"81",2020-09-29,258284,1167,989,6295,9,19
"82",2020-09-28,257117,1113,978,6286,20,20
"83",2020-09-27,256004,496,996,6266,18,19
"84",2020-09-26,255508,727,990,6248,20,19
"85",2020-09-25,254781,1072,986,6228,17,18
"86",2020-09-24,253709,1188,969,6211,19,18
"87",2020-09-23,252521,1157,950,6192,27,18
"88",2020-09-22,251364,1096,950,6165,18,17
"89",2020-09-21,250268,1238,931,6147,15,17
"90",2020-09-20,249030,449,918,6132,15,17
"91",2020-09-19,248581,703,898,6117,16,18
"92",2020-09-18,247878,949,888,6101,15,18
"93",2020-09-17,246929,1060,892,6086,18,20
"94",2020-09-16,245869,1157,872,6068,20,21
"95",2020-09-15,244712,960,854,6048,20,22
"96",2020-09-14,243752,1150,881,6028,18,23
"97",2020-09-13,242602,307,771,6010,19,24
"98",2020-09-12,242295,630,780,5991,19,25
"99",2020-09-11,241665,977,755,5972,25,25
"100",2020-09-10,240688,926,753,5947,25,26
"101",2020-09-09,239762,1031,766,5922,27,26
"102",2020-09-08,238731,1149,792,5895,28,25
"103",2020-09-07,237582,377,783,5867,26,25
"104",2020-09-06,237205,372,904,5841,22,25
"105",2020-09-05,236833,451,910,5819,22,27
"106",2020-09-04,236382,965,965,5797,30,29
"107",2020-09-03,235417,1019,977,5767,24,28
"108",2020-09-02,234398,1214,1001,5743,23,29
"109",2020-09-01,233184,1081,1027,5720,28,29
"110",2020-08-31,232103,1229,1051,5692,29,30
"111",2020-08-30,230874,411,1094,5663,33,29
"112",2020-08-29,230463,833,1107,5630,34,28
"113",2020-08-28,229630,1055,1115,5596,22,29
"114",2020-08-27,228575,1183,1151,5574,31,30
"115",2020-08-26,227392,1396,1172,5543,28,31
"116",2020-08-25,225996,1250,1175,5515,30,33
"117",2020-08-24,224746,1532,1206,5485,25,33
"118",2020-08-23,223214,498,1204,5460,29,35
"119",2020-08-22,222716,889,1210,5431,37,36
"120",2020-08-21,221827,1309,1238,5394,32,35
"121",2020-08-20,220518,1330,1254,5362,37,35
"122",2020-08-19,219188,1414,1280,5325,41,35
"123",2020-08-18,217774,1467,1311,5284,29,33
"124",2020-08-17,216307,1520,1339,5255,39,35
"125",2020-08-16,214787,540,1414,5216,36,36
"126",2020-08-15,214247,1086,1429,5180,32,36
"127",2020-08-14,213161,1424,1458,5148,34,37
"128",2020-08-13,211737,1510,1522,5114,31,37
"129",2020-08-12,210227,1630,1571,5083,32,37
"130",2020-08-11,208597,1666,1626,5051,43,38
"131",2020-08-10,206931,2043,1700,5008,43,38
"132",2020-08-09,204888,645,1719,4965,40,38
"133",2020-08-08,204243,1285,1732,4925,35,38
"134",2020-08-07,202958,1877,1781,4890,33,40
"135",2020-08-06,201081,1853,1816,4857,36,40
"136",2020-08-05,199228,2012,1874,4821,34,41
"137",2020-08-04,197216,2188,1920,4787,47,42
"138",2020-08-03,195028,2173,1974,4740,41,40
"139",2020-08-02,192855,733,2035,4699,40,40
"140",2020-08-01,192122,1629,2043,4659,46,40
"141",2020-07-31,190493,2125,2100,4613,38,40
"142",2020-07-30,188368,2259,2154,4575,41,40
"143",2020-07-29,186109,2335,2204,4534,39,40
"144",2020-07-28,183774,2563,2298,4495,32,42
"145",2020-07-27,181211,2600,2393,4463,42,44
"146",2020-07-26,178611,791,2507,4421,44,43
"147",2020-07-25,177820,2029,2546,4377,46,42
"148",2020-07-24,175791,2504,2592,4331,39,40
"149",2020-07-23,173287,2603,2702,4292,38,40
"150",2020-07-22,170684,2999,2816,4254,50,41
"151",2020-07-21,167685,3225,2822,4204,46,39
"152",2020-07-20,164460,3401,2844,4158,41,39
"153",2020-07-19,161059,1059,2866,4117,37,41
"154",2020-07-18,160000,2350,2892,4080,32,40
"155",2020-07-17,157650,3279,2908,4048,36,40
"156",2020-07-16,154371,3402,2908,4012,43,41
"157",2020-07-15,150969,3036,2900,3969,37,39
"158",2020-07-14,147933,3383,2951,3932,47,39
"159",2020-07-13,144550,3555,2961,3885,55,37
"160",2020-07-12,140995,1237,2841,3830,29,34
"161",2020-07-11,139758,2464,2833,3801,33,35
"162",2020-07-10,137294,3281,2610,3768,40,35
"163",2020-07-09,134013,3347,2357,3728,32,34
"164",2020-07-08,130666,3387,2342,3696,35,35
"165",2020-07-07,127279,3455,2347,3661,33,34
"166",2020-07-06,123824,2714,2289,3628,35,35
"167",2020-07-05,121110,1181,2323,3593,39,34
"168",2020-07-04,119929,905,2311,3554,28,34
"169",2020-07-03,119024,1508,2474,3526,33,34
"170",2020-07-02,117516,3243,2665,3493,41,34
"171",2020-07-01,114273,3424,2619,3452,29,31
"172",2020-06-30,110849,3045,2508,3423,38,33
"173",2020-06-29,107804,2952,2421,3385,32,30
"174",2020-06-28,104852,1098,2315,3353,40,30
"175",2020-06-27,103754,2048,2293,3313,24,28
"176",2020-06-26,101706,2847,2214,3289,31,31
"177",2020-06-25,98859,2917,2064,3258,26,31
"178",2020-06-24,95942,2652,1909,3232,37,32
"179",2020-06-23,93290,2430,1803,3195,21,32
"180",2020-06-22,90860,2210,1722,3174,30,32
"181",2020-06-21,88650,947,1693,3144,30,33
"182",2020-06-20,87703,1497,1680,3114,39,33
"183",2020-06-19,86206,1798,1646,3075,35,31
"184",2020-06-18,84408,1826,1603,3040,29,30
"185",2020-06-17,82582,1916,1543,3011,40,29
"186",2020-06-16,80666,1857,1485,2971,24,27
"187",2020-06-15,78809,2007,1412,2947,32,29
"188",2020-06-14,76802,856,1348,2915,29,30
"189",2020-06-13,75946,1259,1325,2886,28,31
"190",2020-06-12,74687,1498,1300,2858,29,32
"191",2020-06-11,73189,1411,1283,2829,24,33
"192",2020-06-10,71778,1510,1302,2805,26,36
"193",2020-06-09,70268,1340,1277,2779,36,39
"194",2020-06-08,68928,1562,1286,2743,38,38
"195",2020-06-07,67366,696,1235,2705,35,38
"196",2020-06-06,66670,1082,1205,2670,35,37
"197",2020-06-05,65588,1382,1182,2635,40,38
"198",2020-06-04,64206,1543,1197,2595,45,37
"199",2020-06-03,62663,1335,1157,2550,45,35
"200",2020-06-02,61328,1403,1164,2505,30,35
"201",2020-06-01,59925,1203,1204,2475,37,37
"202",2020-05-31,58722,487,1167,2438,30,35
"203",2020-05-30,58235,919,1170,2408,37,36
"204",2020-05-29,57316,1489,1145,2371,33,36
"205",2020-05-28,55827,1265,1071,2338,32,37
"206",2020-05-27,54562,1384,1025,2306,47,37
"207",2020-05-26,53178,1683,993,2259,40,34
"208",2020-05-25,51495,942,889,2219,28,35
"209",2020-05-24,50553,508,921,2191,38,38
"210",2020-05-23,50045,743,927,2153,34,38
"211",2020-05-22,49302,971,928,2119,43,40
"212",2020-05-21,48331,946,950,2076,27,40
"213",2020-05-20,47385,1157,993,2049,29,41
"214",2020-05-19,46228,957,964,2020,47,42
"215",2020-05-18,45271,1164,983,1973,45,43
"216",2020-05-17,44107,548,985,1928,38,40
"217",2020-05-16,43559,756,991,1890,52,39
"218",2020-05-15,42803,1121,983,1838,43,39
"219",2020-05-14,41682,1250,965,1795,31,40
"220",2020-05-13,40432,949,923,1764,41,43
"221",2020-05-12,39483,1093,930,1723,48,44
"222",2020-05-11,38390,1180,953,1675,28,43
"223",2020-05-10,37210,587,918,1647,32,45
"224",2020-05-09,36623,699,902,1615,50,47
"225",2020-05-08,35924,999,903,1565,50,47
"226",2020-05-07,34925,953,892,1515,50,45
"227",2020-05-06,33972,999,887,1465,53,44
"228",2020-05-05,32973,1257,886,1412,37,42
"229",2020-05-04,31716,933,843,1375,44,45
"230",2020-05-03,30783,474,864,1331,44,44
"231",2020-05-02,30309,707,883,1287,49,43
"232",2020-05-01,29602,924,910,1238,36,42
"233",2020-04-30,28678,918,923,1202,45,43
"234",2020-04-29,27760,992,931,1157,42,44
"235",2020-04-28,26768,956,900,1115,54,45
"236",2020-04-27,25812,1080,889,1061,37,43
"237",2020-04-26,24732,603,868,1024,41,44
"238",2020-04-25,24129,900,852,983,39,43
"239",2020-04-24,23229,1014,811,944,44,43
"240",2020-04-23,22215,972,785,900,51,43
"241",2020-04-22,21243,776,756,849,47,44
"242",2020-04-21,20467,876,766,802,40,42
"243",2020-04-20,19591,937,735,762,47,43
"244",2020-04-19,18654,489,698,715,36,42
"245",2020-04-18,18165,613,690,679,38,42
"246",2020-04-17,17552,833,671,641,39,41
"247",2020-04-16,16719,765,635,602,58,40
"248",2020-04-15,15954,847,608,544,35,37
"249",2020-04-14,15107,662,573,509,47,37
"250",2020-04-13,14445,678,579,462,42,34
"251",2020-04-12,13767,435,559,420,37,31
"252",2020-04-11,13332,476,581,383,30,29
"253",2020-04-10,12856,582,598,353,30,27
"254",2020-04-09,12274,574,627,323,35,27
"255",2020-04-08,11700,606,634,288,40,25
"256",2020-04-07,11094,701,635,248,25,22
"257",2020-04-06,10393,537,626,223,17,21
"258",2020-04-05,9856,592,637,206,23,20
"259",2020-04-04,9264,591,605,183,21,19
"260",2020-04-03,8673,789,577,162,26,17
"261",2020-04-02,7884,620,518,136,22,14
"262",2020-04-01,7264,614,483,114,19,12
"263",2020-03-31,6650,638,457,95,17,10
"264",2020-03-30,6012,616,406,78,11,8
"265",2020-03-29,5396,370,360,67,15,8
"266",2020-03-28,5026,393,343,52,8,6
"267",2020-03-27,4633,375,315,44,9,5
"268",2020-03-26,4258,374,297,35,4,4
"269",2020-03-25,3884,436,275,31,7,4
"270",2020-03-24,3448,281,239,24,3,3
"271",2020-03-23,3167,291,229,21,7,3
"272",2020-03-22,2876,253,219,14,4,2
"273",2020-03-21,2623,195,207,10,3,1
"274",2020-03-20,2428,252,200,7,3,1
"275",2020-03-19,2176,217,186,4,4,1
"276",2020-03-18,1959,187,177,0,0,0
"277",2020-03-17,1772,208,169,0,0,0
"278",2020-03-16,1564,223,153,0,0,0
"279",2020-03-15,1341,168,134,0,0,0
"280",2020-03-14,1173,144,116,0,0,0
"281",2020-03-13,1029,152,102,0,0,0
"282",2020-03-12,877,157,86,0,0,0
"283",2020-03-11,720,132,68,0,0,0
"284",2020-03-10,588,96,52,0,0,0
"285",2020-03-09,492,87,40,0,0,0
"286",2020-03-08,405,47,31,0,0,0
"287",2020-03-07,358,41,28,0,0,0
"288",2020-03-06,317,43,NA,0,0,NA
"289",2020-03-05,274,33,NA,0,0,NA
"290",2020-03-04,241,19,NA,0,0,NA
"291",2020-03-03,222,13,NA,0,0,NA
"292",2020-03-02,209,19,NA,0,0,NA
"293",2020-03-01,190,25,NA,0,0,NA
